GEBCO Data/gebco_2020_n51.1962890373543_s50.804077114909894_w1.1266480162739754_e1.8099975921213627.asc
ncols        164
nrows        94
xllcorner    1.125000000000
yllcorner    50.804166666667
cellsize     0.004166666667
NODATA_value -32767
[rows 0 to 41 of 94, columns 0 to 94 of 164]
135 125 112 101 85 70 65 80 91 98 83 65 71 100 119 122 114 105 106 110 107 96 90 95 90 80 78 93 93 86 83 77 74 80 75 69 83 82 67 68 70 64 70 65 61 66 72 74 67 56 48 40 36 32 33 48 48 38 40 40 41 42 38 29 26 31 15 0 -3 -6 -9 -11 -13 -15 -16 -16 -17 -18 -19 -20 -20 -20 -20 -21 -21 -20 -20 -19 -17 -15 -12 -10 -8 -7 -6
129 130 122 103 72 75 100 115 118 111 93 74 72 83 103 123 120 118 118 110 106 104 101 99 91 88 92 103 104 91 82 82 91 85 85 88 86 82 79 76 74 78 76 72 72 72 70 59 51 43 45 54 50 41 38 53 56 46 52 64 60 52 36 26 37 34 15 0 -3 -6 -9 -12 -14 -16 -16 -17 -18 -18 -20 -20 -21 -21 -21 -21 -21 -20 -20 -18 -17 -15 -12 -10 -8 -7 -7
134 128 119 100 70 80 116 128 115 92 78 96 97 81 88 121 127 126 120 120 123 113 110 102 91 104 115 114 101 90 89 99 100 94 104 93 81 85 88 82 90 87 84 83 73 65 59 49 51 63 66 60 46 46 54 62 60 54 61 70 61 49 32 37 45 32 18 3 0 -2 -7 -11 -15 -17 -17 -18 -18 -19 -20 -21 -21 -21 -21 -21 -21 -20 -19 -18 -17 -14 -12 -10 -8 -8 -8
117 94 81 84 95 101 119 127 116 93 74 97 109 85 88 113 125 130 132 130 124 122 118 110 103 118 121 108 101 107 113 112 104 108 101 88 89 94 91 91 103 104 86 72 63 65 65 58 67 71 60 52 59 71 72 67 65 66 66 59 47 39 45 64 60 42 30 5 0 -1 -6 -13 -17 -18 -18 -18 -19 -20 -21 -22 -22 -22 -22 -21 -20 -20 -19 -18 -16 -14 -12 -11 -9 -9 -10
77 79 104 120 120 115 129 130 115 92 83 96 118 104 90 98 111 114 124 128 129 130 126 124 121 125 120 115 119 118 116 113 112 105 95 100 105 102 103 99 98 91 76 71 74 73 70 68 74 65 60 67 77 80 73 71 71 62 53 44 45 50 60 62 49 27 24 5 0 -1 -7 -15 -18 -18 -19 -19 -20 -21 -22 -22 -22 -22 -21 -21 -20 -19 -18 -17 -16 -14 -13 -11 -11 -11 -12
83 98 117 133 119 124 134 124 95 113 109 97 127 120 112 109 115 119 128 128 131 138 135 131 134 134 127 125 124 128 126 120 114 107 110 118 118 110 101 91 87 85 84 87 81 82 83 77 70 76 86 84 77 71 66 62 57 55 52 63 70 64 46 32 34 48 37 5 0 -1 -8 -16 -19 -19 -19 -20 -21 -21 -22 -22 -22 -22 -21 -20 -19 -18 -17 -16 -15 -14 -13 -13 -13 -14 -16
108 128 132 134 130 136 123 107 94 115 123 111 130 127 127 116 111 122 132 132 135 129 114 105 109 114 108 102 107 119 123 124 121 119 126 126 117 105 99 97 93 91 90 85 84 91 88 76 73 88 85 76 71 66 62 59 64 68 70 75 69 55 39 48 61 62 33 3 0 -3 -11 -17 -19 -20 -20 -20 -21 -22 -22 -22 -22 -22 -21 -20 -18 -17 -16 -15 -15 -14 -14 -15 -16 -18 -20
102 131 139 138 138 137 112 106 121 117 128 129 130 137 135 130 127 131 136 135 135 129 119 97 79 78 77 75 70 70 80 107 127 127 123 120 119 115 109 105 105 103 100 97 97 92 86 85 91 87 80 76 72 64 62 73 76 80 81 66 56 50 59 59 54 44 11 0 -2 -7 -13 -19 -20 -20 -20 -21 -22 -22 -22 -22 -22 -21 -20 -19 -18 -17 -16 -15 -15 -16 -17 -18 -20 -22 -24
120 137 140 141 139 129 116 131 133 120 127 137 136 138 139 137 136 139 140 140 136 128 109 86 84 103 112 109 88 70 58 72 107 124 125 123 127 125 121 119 117 113 110 101 97 98 99 98 97 91 83 82 77 75 82 88 85 79 68 62 66 63 59 58 56 30 5 0 -3 -10 -15 -20 -21 -21 -21 -22 -22 -23 -23 -23 -22 -22 -21 -19 -18 -17 -16 -16 -17 -18 -20 -22 -23 -25 -25
111 133 145 140 119 100 124 138 136 128 130 139 139 139 141 139 139 141 143 140 130 120 96 103 124 131 130 112 93 80 61 53 56 75 79 82 106 121 124 128 124 120 112 108 108 108 104 101 96 90 89 88 83 92 90 85 76 72 76 80 76 71 75 71 29 -2 -4 -5 -9 -14 -18 -21 -21 -21 -22 -22 -23 -23 -23 -23 -23 -22 -21 -20 -19 -18 -17 -18 -19 -21 -23 -25 -25 -25 -25
139 144 139 120 102 112 136 141 138 134 136 141 141 142 145 143 143 137 124 115 111 115 115 127 132 132 121 112 109 96 82 74 67 54 43 65 95 98 105 123 125 125 120 119 118 114 110 102 97 98 101 95 97 96 89 84 77 81 90 86 74 73 63 37 2 -3 -8 -11 -15 -18 -21 -22 -22 -22 -22 -23 -24 -24 -24 -24 -23 -23 -22 -21 -20 -19 -19 -20 -22 -24 -25 -26 -26 -26 -26
137 131 120 126 116 107 134 143 142 140 138 142 145 146 145 142 139 123 100 113 136 139 136 133 130 131 130 128 127 123 100 83 73 63 44 43 50 77 114 116 99 95 107 120 123 122 117 114 113 110 111 104 99 95 88 89 95 93 87 84 71 49 15 3 -1 -5 -11 -16 -19 -22 -23 -23 -23 -23 -23 -24 -24 -25 -25 -24 -24 -24 -23 -22 -21 -22 -23 -24 -25 -25 -25 -26 -26 -27 -27
139 140 130 140 124 110 125 136 144 146 144 146 148 143 140 133 118 117 130 137 143 139 135 136 136 136 114 95 86 74 52 50 79 88 67 46 39 43 70 79 74 55 76 106 111 116 119 122 120 118 115 108 102 100 96 103 101 94 95 84 70 37 -1 -7 -10 -14 -17 -20 -22 -24 -24 -24 -24 -24 -24 -24 -25 -25 -25 -25 -25 -24 -24 -23 -23 -24 -25 -26 -26 -26 -26 -26 -27 -28 -28
145 140 140 134 120 130 135 131 142 148 148 147 140 128 127 135 135 136 140 138 132 122 115 106 95 92 78 70 71 68 73 95 114 106 95 75 58 43 36 34 29 31 60 73 64 70 101 123 114 103 111 117 110 108 107 106 99 89 88 70 31 4 -18 -21 -21 -22 -23 -24 -25 -24 -24 -24 -24 -24 -24 -25 -25 -25 -26 -26 -26 -25 -24 -24 -24 -24 -25 -25 -26 -26 -27 -27 -27 -29 -30
149 151 147 131 132 145 148 143 145 150 148 142 135 130 136 147 147 142 129 121 132 117 80 61 64 71 82 113 121 117 129 132 126 119 121 118 96 87 81 64 35 21 22 24 44 65 102 122 102 72 90 112 94 76 64 50 36 20 18 14 -6 -17 -21 -23 -24 -24 -25 -25 -26 -26 -26 -25 -25 -25 -25 -25 -25 -26 -26 -26 -26 -26 -25 -24 -24 -25 -25 -25 -26 -26 -27 -27 -28 -30 -32
157 143 133 143 151 152 149 148 150 150 148 136 143 150 145 143 142 134 113 93 92 79 71 73 95 111 123 133 130 134 136 134 132 128 121 100 71 63 55 44 42 43 23 13 26 44 81 91 63 57 72 64 32 14 10 -2 -9 -10 -12 -14 -18 -20 -22 -23 -24 -25 -25 -26 -26 -26 -26 -26 -25 -25 -25 -25 -25 -26 -26 -26 -27 -26 -26 -25 -25 -26 -26 -26 -26 -27 -27 -28 -28 -30 -32
149 138 140 155 160 160 157 152 153 153 150 141 145 142 130 110 109 108 98 85 79 84 103 117 132 133 132 127 121 122 123 114 110 101 87 73 84 89 80 66 44 34 26 19 12 11 52 66 35 14 11 7 0 -3 -7 -11 -14 -16 -18 -20 -21 -23 -23 -24 -25 -25 -25 -25 -26 -26 -26 -26 -25 -25 -25 -26 -26 -26 -27 -27 -27 -27 -27 -27 -27 -27 -27 -27 -27 -27 -28 -29 -30 -31 -34
152 148 157 163 160 159 156 151 150 153 153 148 141 127 130 132 128 99 90 118 119 131 136 135 131 131 132 126 126 124 114 103 91 82 76 84 91 95 80 48 41 49 53 54 37 11 20 8 0 -1 -2 -4 -9 -10 -12 -14 -17 -19 -21 -22 -23 -24 -25 -25 -25 -25 -25 -25 -25 -25 -25 -25 -25 -25 -25 -26 -26 -26 -27 -27 -27 -27 -27 -28 -28 -28 -28 -28 -28 -31 -34 -35 -35 -36 -42
160 160 170 161 157 156 152 149 151 157 158 150 143 136 130 120 107 89 113 140 141 142 140 137 136 137 135 134 129 117 94 91 86 87 104 98 83 75 59 63 98 108 82 26 8 2 0 -3 -7 -8 -9 -10 -11 -12 -14 -15 -18 -20 -22 -23 -24 -24 -25 -26 -26 -26 -25 -25 -25 -25 -24 -24 -24 -25 -26 -26 -26 -26 -26 -27 -27 -28 -28 -28 -28 -29 -30 -31 -32 -36 -40 -41 -43 -46 -49
165 170 177 172 167 160 156 156 155 157 160 151 141 138 133 112 93 99 118 127 144 147 144 142 140 138 132 124 114 118 124 125 118 106 96 85 77 72 76 95 102 82 58 17 2 -1 -2 -7 -9 -10 -10 -12 -13 -14 -15 -17 -18 -20 -22 -23 -24 -25 -26 -26 -25 -25 -25 -25 -25 -25 -25 -25 -25 -26 -26 -27 -27 -27 -27 -27 -28 -28 -29 -29 -30 -32 -33 -35 -37 -39 -42 -46 -48 -50 -52
173 170 166 165 171 169 164 159 151 145 141 125 111 109 115 114 109 110 114 139 152 152 147 144 140 134 125 133 136 128 114 101 113 121 120 117 99 64 54 52 43 14 6 -5 -8 -7 -8 -9 -12 -12 -13 -14 -15 -16 -17 -18 -19 -21 -22 -23 -25 -26 -26 -26 -25 -25 -24 -25 -25 -25 -25 -25 -26 -26 -27 -27 -27 -27 -27 -28 -28 -29 -30 -31 -33 -36 -38 -40 -42 -43 -46 -48 -50 -51 -52
171 172 170 154 153 165 166 153 135 124 116 105 108 128 149 151 142 129 135 151 153 147 144 141 139 139 139 134 128 120 113 118 129 123 100 74 39 37 9 3 2 -1 -6 -14 -17 -17 -15 -14 -14 -14 -14 -15 -16 -17 -19 -20 -21 -22 -23 -24 -25 -26 -26 -26 -26 -25 -25 -25 -25 -25 -25 -26 -26 -27 -27 -27 -28 -28 -28 -28 -29 -31 -32 -34 -38 -40 -41 -43 -44 -46 -47 -50 -51 -52 -53
132 138 136 130 124 125 132 129 123 106 103 103 129 146 160 154 139 149 165 160 154 146 132 109 100 95 90 101 103 91 87 77 55 37 22 8 -3 -7 -5 -4 -6 -11 -18 -20 -20 -20 -19 -17 -16 -16 -16 -17 -18 -19 -20 -22 -23 -25 -26 -26 -26 -27 -27 -26 -26 -27 -27 -26 -26 -26 -26 -26 -27 -27 -27 -28 -28 -28 -28 -29 -31 -33 -35 -38 -40 -42 -43 -45 -46 -48 -50 -51 -52 -54 -55
71 69 71 70 66 64 71 85 99 66 52 59 96 112 121 144 154 159 155 103 80 58 28 11 9 9 4 13 13 0 -7 -7 -8 -11 -12 -14 -18 -20 -19 -19 -21 -23 -24 -23 -23 -23 -22 -21 -20 -19 -19 -20 -20 -21 -22 -24 -26 -28 -28 -27 -27 -26 -26 -25 -26 -27 -27 -27 -27 -27 -27 -27 -27 -27 -27 -28 -28 -29 -30 -32 -34 -36 -39 -41 -42 -44 -45 -47 -49 -50 -52 -54 -55 -54 -52
61 59 56 55 53 49 43 43 48 46 42 38 43 51 64 76 97 100 73 23 2 -3 -7 -8 -6 -7 -10 -11 -12 -13 -14 -15 -18 -21 -23 -24 -24 -23 -23 -24 -25 -24 -23 -24 -25 -25 -24 -23 -22 -23 -24 -24 -25 -25 -26 -27 -28 -28 -28 -27 -26 -26 -25 -25 -25 -25 -26 -26 -27 -28 -28 -28 -27 -27 -27 -28 -29 -31 -32 -35 -37 -40 -42 -43 -44 -46 -47 -49 -51 -54 -55 -55 -53 -52 -50
60 59 55 52 48 46 41 37 34 34 33 32 32 38 49 54 60 34 4 -2 -6 -9 -10 -11 -12 -13 -14 -15 -16 -17 -17 -18 -20 -22 -23 -24 -24 -23 -23 -23 -23 -23 -23 -24 -24 -23 -23 -24 -25 -26 -27 -28 -28 -28 -27 -27 -26 -26 -25 -26 -26 -26 -26 -26 -26 -26 -26 -26 -26 -27 -28 -28 -27 -26 -27 -28 -30 -32 -35 -38 -41 -43 -44 -45 -46 -47 -50 -53 -55 -54 -53 -52 -52 -52 -50
55 62 61 49 48 52 48 42 37 39 38 32 24 24 31 31 30 12 -3 -7 -9 -11 -12 -13 -15 -18 -19 -19 -18 -18 -18 -18 -19 -19 -18 -20 -21 -22 -22 -22 -22 -23 -23 -22 -22 -23 -24 -26 -27 -28 -28 -28 -28 -28 -27 -26 -25 -25 -25 -25 -25 -26 -26 -27 -27 -28 -28 -28 -27 -27 -28 -28 -28 -27 -28 -29 -30 -33 -37 -40 -43 -44 -45 -46 -49 -52 -54 -55 -53 -52 -52 -52 -52 -52 -50
50 65 66 54 43 42 54 49 43 44 43 38 28 20 14 7 2 -3 -8 -12 -13 -14 -14 -15 -16 -18 -19 -19 -19 -21 -22 -22 -21 -20 -20 -20 -20 -21 -21 -21 -21 -22 -23 -22 -24 -26 -28 -29 -29 -30 -28 -27 -26 -27 -27 -27 -26 -26 -25 -25 -25 -26 -26 -27 -28 -29 -29 -29 -28 -28 -28 -28 -29 -29 -29 -30 -31 -34 -38 -42 -43 -44 -46 -50 -53 -53 -53 -53 -52 -52 -52 -51 -51 -51 -50
53 72 67 50 30 30 47 46 49 48 43 43 32 13 2 -2 -7 -10 -13 -16 -18 -19 -19 -18 -17 -18 -19 -19 -20 -22 -23 -24 -23 -22 -20 -20 -20 -21 -21 -21 -22 -22 -23 -25 -27 -29 -30 -31 -31 -30 -29 -27 -27 -26 -27 -27 -27 -27 -26 -26 -26 -26 -26 -26 -27 -28 -29 -30 -31 -30 -30 -29 -29 -29 -29 -30 -32 -35 -39 -42 -45 -47 -50 -51 -51 -52 -52 -53 -53 -52 -50 -49 -49 -49 -50
34 32 27 18 10 6 13 14 13 13 9 10 2 -11 -11 -11 -13 -14 -16 -20 -23 -24 -24 -21 -20 -19 -19 -20 -20 -21 -22 -22 -22 -20 -18 -18 -19 -20 -21 -21 -22 -23 -23 -25 -27 -28 -29 -29 -28 -27 -26 -25 -25 -25 -25 -25 -25 -26 -26 -26 -26 -26 -27 -27 -28 -29 -31 -31 -32 -32 -31 -30 -29 -28 -29 -30 -31 -34 -39 -45 -48 -48 -48 -49 -50 -51 -52 -52 -52 -50 -48 -47 -48 -49 -50
-4 -6 -5 -2 -1 -1 0 0 -1 -1 -1 -3 -10 -19 -20 -18 -17 -17 -19 -22 -24 -25 -25 -23 -22 -21 -20 -20 -20 -20 -19 -18 -18 -18 -18 -19 -20 -20 -21 -21 -22 -22 -23 -24 -26 -27 -27 -26 -25 -24 -24 -24 -25 -25 -25 -25 -25 -25 -25 -26 -27 -28 -28 -29 -30 -31 -32 -32 -32 -32 -31 -30 -29 -29 -29 -30 -31 -37 -44 -46 -46 -47 -48 -50 -51 -51 -52 -51 -50 -48 -47 -47 -49 -50 -50
-8 -10 -10 -9 -8 -8 -8 -9 -9 -9 -11 -14 -17 -19 -19 -19 -19 -18 -19 -21 -22 -23 -23 -22 -22 -21 -20 -20 -19 -19 -19 -18 -18 -18 -19 -20 -20 -21 -21 -21 -22 -22 -23 -23 -24 -25 -25 -24 -24 -24 -24 -25 -25 -25 -25 -25 -25 -25 -26 -27 -27 -28 -29 -31 -32 -33 -32 -31 -30 -30 -29 -29 -29 -29 -30 -34 -35 -36 -40 -45 -46 -48 -49 -50 -51 -51 -51 -51 -49 -48 -47 -48 -49 -50 -50
-12 -13 -14 -14 -15 -15 -16 -17 -17 -17 -17 -18 -18 -18 -18 -18 -19 -19 -20 -20 -21 -21 -21 -21 -21 -20 -20 -20 -20 -21 -20 -20 -20 -20 -20 -20 -21 -21 -21 -21 -22 -23 -23 -23 -23 -23 -24 -24 -24 -24 -25 -25 -25 -25 -25 -25 -25 -26 -26 -27 -28 -29 -30 -31 -32 -32 -31 -30 -28 -28 -28 -28 -29 -32 -34 -34 -33 -35 -41 -47 -48 -49 -50 -51 -51 -51 -51 -50 -50 -49 -49 -49 -50 -51 -52
-15 -16 -17 -18 -18 -18 -18 -18 -18 -18 -18 -18 -18 -18 -18 -18 -19 -19 -19 -20 -20 -20 -20 -20 -20 -20 -20 -20 -21 -22 -22 -21 -21 -20 -20 -20 -21 -21 -21 -22 -22 -22 -23 -23 -23 -23 -23 -24 -25 -25 -25 -26 -26 -26 -26 -26 -26 -25 -26 -27 -27 -28 -29 -30 -31 -30 -30 -29 -28 -28 -30 -32 -33 -34 -32 -32 -35 -39 -45 -48 -49 -50 -50 -51 -51 -51 -51 -51 -51 -50 -50 -51 -53 -53 -53
-18 -18 -18 -18 -18 -18 -18 -18 -19 -19 -19 -19 -19 -19 -19 -19 -19 -19 -20 -20 -20 -20 -19 -19 -19 -20 -20 -20 -21 -22 -23 -23 -22 -21 -21 -21 -21 -22 -22 -22 -22 -22 -22 -22 -23 -24 -24 -24 -25 -25 -26 -26 -27 -27 -27 -27 -27 -27 -26 -26 -27 -27 -28 -29 -30 -30 -30 -29 -30 -31 -32 -32 -31 -31 -32 -34 -39 -44 -48 -49 -49 -49 -50 -50 -50 -51 -51 -51 -50 -50 -52 -54 -54 -53 -52
-18 -18 -18 -19 -19 -19 -19 -19 -19 -19 -19 -19 -19 -19 -19 -19 -19 -20 -20 -20 -20 -20 -20 -20 -20 -20 -20 -21 -21 -22 -23 -23 -22 -21 -21 -22 -22 -22 -22 -22 -22 -22 -22 -22 -23 -23 -24 -25 -26 -26 -26 -27 -27 -28 -28 -28 -27 -27 -27 -27 -28 -28 -29 -29 -28 -29 -30 -33 -34 -32 -30 -29 -30 -32 -35 -39 -44 -49 -50 -49 -49 -49 -50 -50 -50 -51 -51 -51 -51 -53 -54 -53 -52 -52 -52
-18 -18 -19 -19 -19 -20 -20 -20 -20 -20 -20 -20 -19 -19 -19 -20 -20 -20 -20 -20 -20 -20 -20 -20 -20 -20 -21 -21 -21 -22 -22 -22 -22 -22 -22 -22 -22 -22 -22 -22 -22 -22 -22 -23 -23 -24 -24 -25 -26 -26 -26 -26 -27 -28 -28 -28 -28 -28 -28 -29 -29 -29 -29 -28 -29 -32 -35 -36 -33 -29 -29 -30 -31 -34 -39 -43 -46 -49 -50 -49 -49 -50 -50 -50 -51 -51 -51 -52 -53 -53 -52 -51 -51 -52 -52
-19 -19 -20 -20 -20 -20 -20 -20 -20 -20 -20 -20 -20 -20 -20 -20 -20 -20 -20 -20 -20 -20 -20 -20 -20 -21 -21 -21 -21 -21 -21 -22 -23 -24 -23 -23 -23 -23 -23 -23 -23 -23 -23 -23 -23 -24 -25 -25 -25 -25 -25 -26 -27 -27 -28 -28 -28 -28 -28 -28 -27 -27 -28 -30 -32 -32 -29 -29 -29 -29 -30 -31 -33 -36 -39 -43 -46 -49 -49 -49 -49 -50 -51 -51 -51 -51 -54 -54 -53 -52 -51 -51 -51 -52 -52
-19 -20 -20 -20 -20 -20 -20 -20 -20 -20 -20 -20 -20 -20 -20 -20 -20 -20 -20 -20 -20 -21 -21 -20 -20 -20 -21 -21 -21 -21 -22 -23 -24 -25 -25 -24 -23 -23 -23 -23 -23 -23 -23 -23 -23 -24 -25 -25 -26 -26 -27 -28 -28 -29 -29 -28 -28 -28 -27 -27 -28 -31 -31 -30 -29 -28 -28 -28 -29 -30 -31 -33 -35 -37 -40 -43 -46 -47 -47 -46 -47 -50 -52 -51 -52 -54 -54 -52 -52 -51 -51 -51 -52 -52 -51
-20 -20 -20 -20 -20 -21 -21 -21 -21 -20 -20 -20 -21 -21 -21 -20 -21 -21 -21 -21 -21 -21 -20 -20 -19 -20 -21 -21 -23 -24 -23 -24 -25 -24 -23 -23 -23 -23 -23 -23 -24 -24 -24 -24 -24 -25 -25 -26 -27 -29 -29 -29 -29 -28 -28 -28 -27 -27 -28 -30 -32 -30 -28 -27 -27 -27 -27 -29 -29 -31 -32 -34 -37 -39 -41 -43 -44 -45 -45 -46 -47 -51 -52 -53 -54 -54 -53 -52 -51 -51 -51 -52 -52 -51 -49
-21 -21 -21 -21 -21 -21 -21 -21 -21 -21 -21 -21 -21 -21 -21 -21 -21 -21 -21 -21 -20 -20 -20 -20 -20 -21 -21 -22 -22 -23 -23 -22 -22 -22 -22 -23 -23 -24 -25 -25 -24 -24 -24 -25 -25 -26 -26 -28 -30 -30 -29 -27 -27 -26 -26 -27 -27 -29 -31 -31 -29 -28 -27 -27 -27 -27 -27 -29 -30 -33 -35 -37 -39 -41 -42 -43 -44 -44 -45 -46 -48 -52 -54 -54 -53 -53 -52 -52 -52 -52 -51 -51 -50 -48 -45
-21 -21 -21 -22 -21 -21 -21 -21 -21 -21 -21 -21 -21 -22 -22 -22 -22 -22 -21 -20 -20 -20 -20 -21 -21 -21 -21 -21 -22 -22 -22 -22 -22 -22 -22 -22 -23 -24 -26 -25 -25 -25 -26 -26 -26 -26 -27 -30 -30 -29 -27 -25 -25 -26 -26 -27 -30 -32 -29 -28 -27 -27 -27 -27 -27 -28 -29 -30 -33 -35 -37 -38 -40 -41 -42 -43 -44 -45 -46 -48 -51 -53 -52 -51 -52 -52 -52 -53 -54 -53 -51 -49 -47 -45 -45
