GEBCO Data/gebco_2020_n51.1962890373543_s50.804077114909894_w1.1266480162739754_e1.8099975921213627.asc
ncols        164
nrows        94
xllcorner    1.125000000000
yllcorner    50.804166666667
cellsize     0.004166666667
NODATA_value -32767
[rows 42 to 83 of 94, columns 0 to 94 of 164]
-21 -22 -22 -22 -22 -21 -21 -21 -21 -21 -22 -22 -22 -22 -22 -22 -22 -22 -22 -22 -22 -22 -22 -22 -22 -22 -22 -22 -23 -23 -24 -24 -24 -23 -22 -23 -24 -25 -25 -25 -25 -26 -26 -26 -26 -26 -28 -29 -28 -27 -26 -25 -25 -26 -27 -30 -31 -28 -27 -27 -27 -26 -26 -26 -26 -27 -29 -31 -33 -34 -34 -36 -39 -40 -41 -42 -44 -45 -48 -50 -50 -50 -51 -52 -51 -51 -52 -53 -53 -52 -50 -48 -47 -48 -49
-22 -22 -22 -22 -22 -22 -22 -22 -22 -22 -23 -23 -23 -23 -23 -22 -22 -22 -23 -23 -23 -23 -23 -23 -23 -23 -23 -23 -24 -24 -25 -25 -25 -24 -24 -25 -25 -25 -25 -25 -26 -26 -26 -26 -26 -27 -28 -28 -28 -27 -27 -26 -26 -27 -31 -30 -28 -27 -26 -26 -26 -26 -26 -26 -25 -26 -28 -31 -31 -31 -33 -36 -38 -37 -37 -39 -50 -53 -51 -49 -50 -51 -52 -52 -51 -51 -52 -55 -56 -55 -53 -52 -54 -54 -54
-22 -22 -22 -22 -22 -23 -23 -23 -24 -24 -24 -24 -24 -23 -23 -23 -23 -23 -23 -23 -23 -23 -23 -23 -23 -23 -23 -23 -24 -24 -24 -25 -25 -24 -25 -26 -25 -25 -25 -25 -26 -26 -27 -27 -27 -28 -29 -29 -28 -27 -27 -27 -29 -31 -28 -26 -26 -27 -26 -26 -24 -23 -23 -25 -25 -26 -31 -34 -34 -34 -35 -36 -35 -33 -32 -35 -45 -55 -55 -53 -52 -51 -51 -51 -51 -52 -54 -60 -61 -59 -57 -56 -56 -56 -55
-22 -22 -23 -23 -23 -23 -23 -24 -24 -24 -24 -24 -24 -24 -23 -23 -23 -24 -23 -23 -23 -23 -24 -24 -24 -24 -24 -24 -24 -24 -24 -24 -24 -25 -25 -25 -26 -26 -27 -27 -26 -26 -26 -27 -28 -28 -28 -27 -27 -26 -27 -29 -31 -28 -26 -25 -26 -27 -26 -24 -20 -18 -20 -23 -26 -33 -38 -38 -36 -34 -33 -32 -31 -31 -32 -33 -39 -48 -55 -53 -50 -50 -51 -51 -51 -52 -55 -58 -56 -52 -51 -51 -50 -52 -53
-23 -23 -23 -23 -23 -24 -24 -24 -24 -24 -24 -24 -24 -24 -24 -24 -24 -24 -24 -23 -23 -23 -23 -23 -24 -24 -24 -24 -24 -24 -25 -25 -25 -25 -25 -26 -26 -27 -27 -27 -27 -27 -27 -26 -25 -25 -25 -25 -25 -27 -30 -32 -28 -26 -26 -26 -26 -26 -25 -19 -17 -18 -22 -26 -33 -40 -40 -38 -35 -33 -33 -32 -32 -33 -34 -37 -45 -52 -53 -50 -48 -50 -51 -51 -52 -54 -56 -56 -52 -45 -43 -44 -45 -49 -51
-23 -23 -23 -24 -24 -24 -24 -25 -24 -24 -24 -24 -24 -25 -25 -25 -24 -24 -24 -24 -24 -23 -23 -23 -24 -24 -24 -24 -24 -25 -25 -25 -25 -25 -25 -26 -26 -27 -27 -28 -28 -27 -26 -25 -25 -24 -24 -24 -26 -31 -30 -28 -27 -27 -27 -26 -24 -22 -19 -17 -18 -23 -27 -31 -36 -39 -39 -37 -35 -34 -36 -38 -38 -39 -41 -44 -49 -51 -49 -47 -48 -50 -51 -51 -53 -56 -58 -57 -51 -45 -43 -43 -45 -46 -46
-23 -23 -24 -24 -24 -24 -24 -24 -24 -24 -24 -24 -24 -24 -25 -25 -24 -24 -24 -25 -24 -24 -24 -24 -24 -23 -24 -24 -25 -25 -25 -25 -25 -26 -25 -25 -26 -27 -27 -27 -26 -25 -25 -25 -25 -25 -25 -29 -32 -30 -28 -28 -28 -27 -24 -21 -16 -14 -16 -20 -24 -28 -30 -33 -37 -38 -38 -36 -34 -33 -36 -37 -41 -44 -45 -45 -46 -46 -46 -46 -47 -50 -51 -53 -55 -58 -59 -57 -52 -48 -48 -48 -46 -43 -40
-23 -23 -24 -24 -23 -23 -24 -24 -24 -24 -24 -23 -23 -23 -24 -24 -24 -25 -25 -25 -25 -25 -25 -24 -24 -24 -24 -24 -24 -24 -25 -25 -25 -25 -25 -25 -25 -26 -26 -25 -25 -25 -25 -25 -26 -26 -29 -33 -30 -28 -28 -28 -27 -24 -18 -12 -10 -11 -19 -26 -28 -30 -32 -35 -38 -38 -37 -35 -33 -33 -35 -37 -41 -42 -42 -43 -44 -45 -45 -46 -48 -50 -53 -54 -55 -57 -58 -57 -54 -52 -52 -50 -47 -42 -39
-23 -24 -24 -24 -23 -24 -24 -24 -24 -24 -24 -24 -23 -23 -24 -24 -25 -26 -26 -26 -25 -25 -25 -25 -24 -24 -24 -24 -24 -24 -24 -24 -24 -24 -24 -25 -25 -25 -25 -26 -26 -27 -27 -27 -29 -32 -33 -30 -30 -29 -29 -28 -25 -19 -13 -10 -12 -19 -26 -29 -30 -31 -32 -35 -37 -38 -37 -37 -34 -32 -35 -38 -41 -43 -43 -44 -45 -45 -45 -47 -49 -52 -55 -56 -56 -57 -59 -60 -58 -54 -50 -47 -45 -44 -42
-25 -25 -25 -24 -24 -25 -26 -26 -26 -26 -26 -25 -25 -24 -24 -25 -26 -26 -26 -26 -25 -25 -25 -24 -24 -24 -24 -24 -24 -24 -24 -24 -24 -25 -25 -25 -25 -26 -26 -27 -28 -29 -30 -32 -33 -33 -31 -30 -30 -29 -28 -26 -20 -13 -14 -17 -21 -26 -28 -29 -31 -32 -33 -35 -37 -40 -38 -36 -33 -34 -38 -41 -44 -45 -47 -47 -47 -45 -45 -49 -52 -55 -58 -57 -56 -59 -61 -61 -56 -50 -45 -44 -44 -43 -42
-26 -26 -26 -26 -26 -27 -28 -28 -28 -28 -27 -27 -26 -26 -25 -25 -26 -26 -26 -26 -25 -25 -24 -24 -24 -24 -24 -24 -24 -24 -24 -24 -25 -25 -25 -26 -26 -27 -28 -29 -30 -31 -34 -35 -33 -31 -30 -29 -29 -27 -23 -18 -14 -13 -19 -25 -26 -27 -28 -30 -32 -34 -36 -38 -40 -39 -36 -35 -34 -35 -40 -44 -47 -49 -51 -50 -47 -46 -47 -52 -56 -58 -59 -58 -55 -59 -61 -59 -55 -49 -44 -42 -42 -42 -42
-27 -27 -27 -27 -28 -29 -28 -28 -27 -27 -26 -26 -26 -26 -26 -25 -25 -25 -25 -26 -26 -26 -25 -26 -26 -24 -24 -24 -24 -24 -24 -25 -25 -26 -26 -26 -26 -28 -30 -30 -32 -35 -34 -30 -30 -30 -30 -28 -26 -22 -15 -11 -10 -13 -20 -26 -27 -28 -29 -30 -32 -35 -38 -39 -37 -34 -33 -34 -35 -38 -43 -47 -49 -49 -48 -47 -46 -47 -51 -54 -57 -58 -59 -57 -56 -57 -58 -56 -52 -48 -47 -46 -46 -46 -47
-28 -28 -28 -28 -28 -28 -27 -26 -26 -26 -26 -26 -27 -27 -26 -26 -26 -26 -26 -26 -27 -27 -28 -28 -26 -25 -24 -24 -24 -24 -25 -25 -26 -26 -26 -27 -27 -29 -31 -34 -34 -31 -30 -30 -30 -30 -29 -21 -16 -13 -11 -12 -14 -18 -24 -26 -27 -28 -30 -31 -33 -35 -37 -36 -35 -33 -33 -34 -39 -44 -47 -49 -47 -44 -44 -45 -48 -51 -54 -55 -57 -60 -60 -60 -60 -56 -54 -53 -50 -48 -49 -49 -48 -47 -50
-29 -29 -29 -28 -28 -27 -26 -26 -26 -26 -27 -28 -29 -29 -28 -28 -28 -27 -26 -27 -28 -29 -29 -27 -26 -24 -25 -25 -25 -25 -25 -26 -27 -28 -28 -29 -32 -34 -35 -33 -29 -29 -29 -30 -30 -28 -23 -15 -11 -11 -14 -19 -23 -26 -27 -27 -28 -30 -32 -36 -39 -38 -37 -35 -34 -34 -35 -39 -44 -47 -48 -47 -45 -43 -46 -49 -51 -52 -54 -56 -60 -63 -63 -62 -60 -54 -51 -51 -50 -50 -50 -48 -47 -50 -56
-30 -30 -29 -28 -28 -27 -27 -28 -28 -28 -29 -30 -31 -30 -29 -27 -26 -26 -26 -27 -28 -29 -28 -26 -25 -25 -25 -25 -25 -25 -26 -27 -28 -29 -30 -33 -38 -35 -31 -29 -28 -28 -28 -28 -26 -22 -16 -12 -13 -15 -21 -26 -27 -28 -27 -27 -29 -31 -34 -38 -38 -38 -37 -34 -32 -34 -38 -42 -46 -47 -46 -46 -46 -46 -49 -51 -51 -52 -55 -59 -62 -64 -63 -60 -56 -53 -51 -51 -50 -49 -49 -48 -51 -55 -54
-28 -28 -28 -27 -27 -28 -28 -28 -29 -30 -30 -30 -29 -29 -28 -27 -26 -27 -28 -28 -29 -28 -27 -26 -25 -25 -26 -26 -27 -28 -28 -27 -28 -30 -34 -34 -32 -30 -29 -28 -28 -27 -27 -25 -21 -15 -13 -14 -19 -23 -27 -28 -28 -27 -28 -28 -31 -33 -35 -36 -35 -34 -34 -33 -34 -37 -41 -44 -45 -46 -46 -46 -47 -49 -49 -50 -52 -55 -58 -61 -62 -62 -61 -58 -55 -52 -51 -50 -48 -47 -47 -50 -54 -53 -50
-27 -27 -27 -27 -27 -28 -28 -29 -29 -29 -29 -29 -28 -28 -28 -28 -28 -28 -28 -28 -28 -28 -27 -26 -26 -27 -28 -29 -29 -29 -29 -31 -34 -34 -33 -30 -30 -30 -29 -28 -27 -26 -24 -21 -16 -14 -16 -21 -25 -27 -28 -28 -28 -28 -28 -30 -31 -33 -35 -33 -30 -29 -32 -33 -35 -39 -43 -45 -45 -45 -45 -46 -47 -48 -49 -51 -55 -57 -58 -60 -61 -60 -59 -56 -53 -51 -50 -49 -47 -47 -51 -55 -52 -48 -46
-28 -27 -27 -27 -27 -27 -28 -28 -28 -28 -28 -29 -29 -30 -29 -29 -28 -28 -28 -28 -28 -28 -27 -27 -28 -29 -30 -30 -29 -30 -33 -35 -32 -29 -29 -29 -30 -29 -29 -28 -27 -23 -21 -17 -16 -19 -23 -26 -27 -28 -28 -29 -29 -29 -30 -29 -30 -32 -33 -31 -29 -29 -32 -36 -39 -42 -44 -44 -45 -44 -45 -46 -47 -47 -49 -52 -55 -57 -58 -59 -59 -58 -57 -54 -51 -49 -48 -48 -49 -53 -57 -53 -49 -46 -42
-27 -27 -27 -27 -27 -27 -27 -27 -28 -28 -29 -29 -30 -30 -29 -29 -29 -28 -28 -29 -29 -29 -28 -29 -29 -30 -31 -32 -34 -36 -34 -30 -29 -29 -29 -29 -29 -29 -29 -28 -27 -24 -21 -20 -21 -24 -26 -27 -27 -28 -28 -29 -30 -30 -29 -29 -30 -32 -32 -30 -30 -32 -34 -38 -41 -43 -44 -44 -43 -43 -44 -46 -47 -47 -49 -52 -55 -56 -58 -59 -58 -56 -55 -52 -49 -47 -47 -48 -54 -58 -55 -51 -48 -45 -42
-28 -28 -28 -28 -27 -27 -27 -28 -29 -29 -29 -29 -29 -29 -29 -29 -29 -29 -30 -30 -30 -29 -28 -29 -30 -31 -34 -38 -37 -33 -30 -29 -30 -30 -30 -30 -30 -29 -29 -27 -23 -19 -20 -23 -25 -27 -28 -28 -29 -29 -29 -30 -29 -28 -28 -29 -30 -31 -31 -31 -33 -35 -37 -41 -43 -44 -43 -43 -43 -43 -45 -47 -47 -47 -48 -51 -54 -56 -57 -58 -56 -55 -53 -50 -48 -47 -48 -54 -60 -55 -52 -50 -51 -49 -48
-28 -28 -28 -28 -28 -28 -28 -29 -30 -30 -30 -30 -30 -30 -30 -30 -30 -30 -30 -30 -30 -29 -29 -30 -33 -36 -38 -35 -31 -29 -30 -30 -30 -30 -30 -30 -30 -30 -29 -25 -22 -22 -25 -27 -28 -29 -29 -29 -30 -30 -30 -29 -28 -27 -28 -30 -31 -31 -31 -32 -35 -37 -40 -43 -44 -44 -43 -43 -44 -45 -47 -48 -48 -48 -50 -52 -54 -55 -57 -57 -55 -54 -52 -49 -48 -49 -54 -60 -56 -51 -49 -50 -50 -50 -47
-28 -28 -28 -28 -28 -29 -29 -29 -29 -30 -30 -30 -30 -30 -30 -30 -30 -31 -31 -30 -29 -29 -30 -35 -38 -37 -32 -30 -30 -30 -31 -31 -31 -30 -29 -30 -30 -30 -30 -29 -29 -29 -28 -28 -29 -29 -30 -30 -31 -30 -29 -28 -27 -28 -29 -30 -31 -30 -31 -32 -35 -39 -43 -44 -43 -43 -43 -44 -45 -47 -48 -49 -50 -51 -55 -55 -54 -55 -55 -55 -54 -53 -51 -49 -49 -53 -58 -56 -51 -49 -49 -54 -53 -51 -43
-28 -28 -28 -29 -29 -30 -29 -29 -30 -30 -30 -30 -30 -31 -31 -32 -32 -32 -31 -29 -29 -31 -35 -37 -34 -32 -31 -31 -32 -32 -32 -31 -30 -30 -30 -30 -31 -31 -32 -32 -30 -29 -29 -29 -30 -30 -31 -31 -30 -29 -28 -27 -28 -29 -30 -31 -31 -32 -34 -35 -37 -41 -44 -44 -44 -43 -44 -45 -46 -48 -50 -51 -53 -56 -59 -57 -54 -54 -54 -54 -53 -52 -50 -49 -51 -55 -53 -51 -50 -48 -46 -48 -50 -47 -43
-29 -29 -29 -30 -30 -30 -29 -30 -30 -30 -30 -30 -31 -33 -33 -33 -32 -31 -30 -31 -35 -36 -34 -32 -32 -32 -32 -32 -32 -32 -31 -31 -30 -29 -29 -29 -31 -32 -32 -31 -30 -30 -30 -30 -31 -32 -32 -30 -29 -28 -28 -28 -29 -30 -30 -30 -31 -33 -35 -36 -39 -42 -44 -44 -44 -44 -45 -47 -49 -50 -51 -52 -54 -57 -59 -57 -53 -52 -52 -53 -53 -51 -49 -50 -55 -52 -50 -50 -48 -44 -42 -45 -43 -42 -41
-30 -30 -30 -30 -30 -30 -30 -30 -30 -30 -31 -32 -33 -34 -34 -33 -33 -34 -35 -38 -36 -32 -31 -32 -33 -33 -33 -32 -32 -32 -31 -30 -29 -29 -29 -30 -31 -32 -32 -31 -30 -31 -31 -31 -31 -31 -30 -30 -30 -29 -28 -29 -29 -30 -30 -31 -32 -33 -33 -35 -38 -42 -44 -44 -44 -45 -48 -51 -52 -52 -52 -52 -53 -54 -53 -52 -50 -50 -51 -52 -52 -50 -49 -53 -54 -50 -51 -50 -45 -46 -45 -43 -42 -41 -41
-30 -30 -30 -30 -31 -31 -31 -32 -34 -34 -35 -35 -35 -34 -35 -35 -36 -40 -41 -36 -30 -30 -30 -32 -32 -32 -33 -32 -32 -32 -32 -30 -29 -29 -30 -31 -31 -32 -31 -31 -30 -32 -33 -32 -30 -29 -29 -29 -29 -29 -29 -29 -29 -29 -30 -31 -32 -33 -35 -37 -40 -43 -45 -45 -45 -47 -50 -52 -53 -52 -52 -51 -51 -49 -47 -47 -49 -49 -50 -50 -51 -50 -53 -55 -52 -51 -51 -47 -45 -46 -44 -42 -41 -42 -41
-31 -31 -31 -32 -32 -33 -35 -36 -35 -35 -35 -34 -34 -34 -35 -39 -41 -36 -33 -31 -29 -30 -30 -31 -32 -32 -32 -33 -32 -32 -31 -31 -30 -30 -30 -31 -31 -31 -32 -31 -31 -33 -32 -30 -29 -28 -29 -29 -29 -29 -29 -29 -29 -29 -29 -30 -32 -34 -36 -39 -41 -44 -45 -45 -46 -49 -51 -52 -52 -52 -51 -50 -48 -46 -46 -48 -50 -50 -50 -50 -50 -50 -54 -52 -50 -49 -47 -47 -45 -44 -43 -43 -42 -41 -40
-33 -34 -35 -36 -36 -36 -36 -35 -34 -33 -33 -33 -33 -36 -40 -39 -36 -33 -31 -30 -30 -30 -31 -32 -32 -32 -31 -31 -31 -32 -31 -31 -30 -30 -30 -31 -32 -32 -32 -31 -31 -31 -31 -29 -28 -28 -28 -29 -28 -28 -27 -27 -27 -27 -29 -31 -33 -34 -37 -41 -42 -43 -44 -46 -49 -52 -51 -50 -51 -51 -50 -48 -46 -45 -46 -49 -50 -49 -50 -50 -50 -52 -54 -50 -48 -46 -45 -45 -42 -42 -42 -43 -42 -40 -39
-37 -37 -37 -37 -36 -35 -34 -33 -33 -33 -33 -35 -38 -39 -36 -34 -33 -33 -31 -29 -29 -30 -32 -33 -33 -32 -31 -31 -32 -32 -31 -30 -29 -30 -32 -33 -33 -32 -31 -30 -30 -30 -29 -28 -28 -29 -29 -29 -28 -27 -26 -25 -25 -27 -29 -32 -34 -37 -41 -43 -43 -43 -46 -49 -51 -51 -49 -48 -49 -49 -49 -48 -47 -47 -48 -48 -48 -48 -49 -50 -52 -56 -52 -48 -46 -47 -45 -42 -42 -42 -42 -42 -40 -39 -38
-36 -35 -35 -34 -34 -33 -33 -33 -34 -35 -37 -40 -38 -35 -33 -34 -34 -33 -31 -30 -29 -30 -32 -32 -33 -33 -32 -32 -32 -32 -31 -30 -30 -31 -32 -32 -32 -32 -31 -30 -29 -28 -28 -28 -28 -29 -29 -28 -28 -27 -26 -25 -26 -27 -30 -33 -37 -42 -44 -44 -43 -45 -48 -53 -53 -50 -48 -48 -48 -48 -49 -50 -48 -47 -48 -49 -49 -50 -50 -51 -54 -54 -49 -45 -46 -47 -45 -43 -43 -43 -42 -40 -39 -38 -38
-33 -33 -33 -33 -33 -33 -33 -35 -37 -39 -36 -35 -34 -34 -35 -35 -34 -32 -31 -30 -30 -31 -33 -33 -33 -33 -33 -33 -33 -33 -33 -32 -31 -31 -31 -31 -32 -32 -30 -29 -28 -28 -28 -28 -28 -28 -29 -28 -28 -27 -26 -26 -27 -28 -31 -36 -41 -44 -46 -45 -44 -46 -49 -54 -52 -49 -48 -48 -48 -48 -48 -48 -46 -46 -47 -50 -51 -51 -51 -51 -56 -52 -48 -45 -47 -47 -45 -44 -43 -42 -41 -39 -38 -38 -37
-33 -33 -33 -33 -33 -34 -37 -39 -38 -34 -33 -33 -33 -34 -34 -34 -33 -31 -31 -31 -30 -31 -32 -33 -33 -34 -33 -34 -34 -34 -33 -31 -31 -31 -31 -31 -31 -31 -29 -28 -27 -27 -28 -28 -28 -28 -28 -27 -27 -26 -25 -25 -25 -28 -32 -39 -43 -45 -47 -47 -46 -46 -48 -53 -51 -49 -48 -49 -49 -48 -49 -48 -45 -45 -46 -49 -52 -53 -52 -56 -54 -50 -46 -47 -48 -46 -45 -44 -42 -43 -41 -39 -38 -37 -36
-33 -33 -33 -34 -37 -39 -39 -35 -33 -33 -34 -34 -34 -34 -34 -34 -33 -33 -32 -31 -31 -31 -32 -33 -34 -34 -34 -34 -34 -33 -32 -31 -31 -31 -31 -32 -31 -29 -28 -28 -28 -28 -28 -28 -28 -28 -28 -27 -26 -25 -25 -25 -25 -28 -34 -42 -46 -46 -47 -48 -48 -47 -49 -52 -50 -48 -48 -48 -49 -48 -49 -48 -46 -45 -46 -49 -52 -55 -56 -58 -51 -49 -46 -46 -47 -46 -45 -44 -43 -42 -41 -38 -37 -36 -35
-32 -33 -36 -40 -40 -37 -34 -33 -33 -33 -34 -34 -34 -34 -34 -33 -34 -34 -32 -31 -30 -31 -33 -34 -35 -35 -34 -33 -33 -33 -32 -31 -31 -31 -31 -30 -29 -28 -28 -27 -27 -27 -27 -27 -28 -28 -27 -26 -25 -25 -25 -25 -26 -30 -37 -44 -47 -46 -47 -48 -48 -48 -48 -51 -50 -48 -47 -47 -47 -47 -47 -46 -46 -46 -47 -47 -50 -54 -58 -57 -51 -48 -46 -47 -47 -46 -45 -44 -42 -41 -39 -37 -35 -34 -34
-33 -38 -40 -38 -34 -32 -32 -33 -34 -34 -34 -34 -34 -34 -34 -34 -34 -34 -33 -31 -31 -33 -35 -34 -33 -33 -34 -34 -34 -33 -32 -31 -31 -30 -30 -29 -28 -27 -27 -26 -26 -26 -26 -26 -26 -26 -25 -25 -25 -25 -25 -25 -27 -32 -39 -45 -47 -47 -47 -48 -48 -47 -49 -51 -50 -48 -46 -45 -45 -45 -45 -46 -48 -48 -48 -47 -49 -55 -56 -53 -50 -47 -48 -46 -44 -43 -42 -41 -40 -39 -37 -34 -32 -32 -31
-39 -38 -35 -32 -32 -32 -33 -33 -34 -35 -35 -35 -35 -35 -35 -35 -35 -34 -34 -32 -31 -31 -32 -33 -33 -33 -34 -33 -33 -32 -31 -30 -29 -29 -28 -27 -26 -26 -26 -26 -25 -25 -26 -26 -25 -25 -24 -24 -25 -26 -26 -26 -27 -31 -38 -45 -47 -47 -47 -48 -49 -49 -49 -50 -49 -47 -46 -45 -45 -45 -45 -46 -47 -47 -47 -48 -51 -57 -53 -50 -45 -44 -47 -45 -44 -42 -41 -39 -37 -36 -33 -30 -30 -30 -30
-37 -32 -32 -32 -33 -33 -34 -34 -34 -35 -35 -35 -35 -35 -35 -36 -35 -35 -34 -30 -30 -30 -32 -33 -33 -32 -32 -31 -31 -31 -30 -29 -28 -27 -27 -26 -26 -25 -25 -25 -25 -25 -25 -25 -24 -24 -24 -24 -25 -26 -26 -27 -27 -29 -34 -42 -46 -48 -48 -49 -49 -49 -49 -49 -47 -46 -47 -46 -46 -45 -45 -45 -46 -47 -47 -50 -54 -52 -50 -49 -45 -44 -46 -46 -44 -41 -39 -38 -36 -32 -30 -28 -28 -29 -29
-33 -33 -33 -33 -33 -34 -34 -34 -34 -34 -34 -35 -35 -35 -35 -35 -34 -33 -31 -29 -29 -30 -31 -32 -31 -30 -30 -30 -30 -30 -29 -28 -28 -27 -26 -25 -25 -25 -25 -25 -25 -25 -25 -24 -24 -24 -24 -24 -25 -26 -26 -27 -27 -27 -30 -38 -45 -50 -50 -50 -49 -49 -50 -50 -47 -46 -48 -50 -49 -46 -45 -44 -46 -48 -50 -56 -54 -48 -48 -45 -43 -46 -48 -47 -46 -43 -39 -37 -34 -30 -29 -28 -28 -29 -29
-35 -36 -36 -35 -35 -35 -34 -34 -33 -33 -35 -36 -35 -34 -33 -33 -33 -32 -30 -29 -29 -30 -31 -31 -30 -30 -30 -29 -29 -28 -28 -27 -27 -26 -25 -25 -25 -25 -26 -26 -26 -26 -25 -24 -24 -24 -24 -24 -25 -26 -26 -26 -26 -26 -29 -35 -44 -51 -51 -50 -49 -49 -50 -50 -46 -45 -48 -51 -51 -48 -45 -44 -47 -49 -55 -57 -52 -48 -46 -43 -43 -48 -50 -49 -46 -42 -38 -35 -32 -30 -29 -29 -29 -29 -29
-35 -36 -36 -37 -37 -36 -36 -35 -34 -34 -34 -35 -35 -33 -32 -32 -31 -31 -30 -29 -29 -28 -29 -30 -29 -29 -29 -30 -29 -28 -28 -27 -26 -25 -25 -26 -26 -26 -27 -27 -27 -27 -25 -24 -23 -23 -23 -23 -24 -25 -26 -26 -26 -26 -28 -34 -44 -51 -50 -50 -50 -49 -48 -46 -44 -44 -46 -51 -52 -48 -45 -45 -47 -49 -56 -55 -49 -48 -45 -42 -46 -49 -50 -49 -45 -40 -36 -33 -30 -30 -29 -29 -30 -29 -28
-35 -35 -36 -36 -37 -36 -36 -35 -35 -35 -34 -34 -33 -32 -32 -31 -31 -31 -30 -30 -29 -27 -28 -28 -29 -30 -31 -30 -30 -28 -27 -26 -26 -26 -26 -26 -26 -27 -27 -27 -27 -26 -25 -23 -23 -23 -23 -23 -24 -25 -25 -26 -26 -25 -28 -36 -46 -52 -51 -51 -51 -49 -46 -44 -43 -42 -44 -50 -51 -48 -46 -45 -47 -52 -55 -50 -49 -49 -47 -45 -49 -50 -49 -47 -43 -38 -34 -31 -30 -30 -30 -30 -30 -29 -28
-35 -36 -36 -36 -37 -37 -36 -35 -34 -33 -32 -31 -31 -31 -32 -32 -32 -32 -30 -29 -28 -28 -28 -29 -31 -31 -31 -30 -28 -27 -26 -26 -26 -26 -26 -27 -27 -27 -27 -27 -26 -25 -24 -23 -22 -22 -22 -23 -24 -25 -25 -25 -25 -25 -30 -40 -49 -53 -52 -52 -51 -49 -46 -43 -43 -42 -44 -49 -51 -49 -46 -45 -49 -54 -51 -50 -50 -50 -46 -48 -51 -51 -50 -47 -43 -38 -34 -32 -30 -30 -30 -30 -29 -28 -27
